009739;29.11.2020;04:42:29;Cycle         ;04.12.2018;FEY;;LION;49;14500;7200;16576;2;96;99;;;;;1;13006;23.04;15.64;27,5;BCS1388054;6;9
009739;12.01.2021;04:16:00;Charge to 90% ;04.12.2018;FEY;;LION;49;14500;7200;16576;2;95;97;;;4134;4133;1;12998;22.94;21.14;23,0;BCS1388054;1;5
009739;12.01.2021;04:16:03;Stop          ;04.12.2018;FEY;;LION;49;14500;7200;16576;2;95;97;;;4134;4133;1;12999;22.94;22.74;23,0;BCS1388054;1;5
009739;12.01.2021;04:17:15;Charge to 90% ;04.12.2018;FEY;;LION;49;14500;7200;16576;2;95;97;;;4134;4134;1;12998;22.84;23.24;23,5;BCS1388054;1;5
009739;12.01.2021;04:55:18;Stop          ;04.12.2018;FEY;;LION;49;14500;7200;192;2;88;90;8400;3000;4062;4062;1;12991;26.54;28.64;31,7;BCS1388054;1;5
009739;12.01.2021;05:21:33;Cycle         ;04.12.2018;FEY;;LION;49;14500;7200;192;2;88;90;8400;3000;4067;4067;1;12993;26.64;26.74;30,6;BCS1388054;1;5
009739;13.01.2021;08:18:34;Stop          ;04.12.2018;FEY;;LION;49;14500;7200;224;3;97;100;8400;;4156;4157;1;12992;26.34;26.64;30,7;BCS1388054;1;5
009739;22.02.2021;17:31:46;Normalcharge  ;04.12.2018;FEY;;LION;49;14500;7200;192;3;64;67;8400;3000;3822;3823;1;13003;25.24;27.94;31,6;BCS1388054;1;3
009739;22.02.2021;23:06:28;Stop          ;04.12.2018;FEY;;LION;49;14500;7200;224;3;97;100;8400;;4154;4154;1;13004;26.34;28.64;30,6;BCS1388054;1;3
009739;04.04.2021;11:50:22;Normalcharge  ;04.12.2018;FEY;;LION;49;14500;7200;192;4;53;55;8400;3000;3703;3703;1;13009;24.74;26.54;27,9;BCS1388054;4;1
009739;04.04.2021;11:51:36;Stop          ;04.12.2018;FEY;;LION;49;14500;7200;128;4;53;56;8400;3000;3791;3742;1;12746;24.74;29.14;28,6;BCS1388054;4;1
009739;05.04.2021;09:38:00;Ladung auf 60% ;04.12.2018;FEY;;LION;49;14500;7200;192;4;53;56;8400;3000;3705;3705;1;13008;24.94;25.74;26,3;BCS1388054;3;5
009739;05.04.2021;10:06:07;Stop           ;04.12.2018;FEY;;LION;49;14500;7200;192;4;57;60;8400;3000;3758;3758;1;13006;26.64;28.34;31,4;BCS1388054;3;5
009739;22.08.2021;11:08:13;Normalcharge  ;04.12.2018;FEY;;LION;49;14500;7200;192;4;53;56;8400;3000;3701;3701;1;12992;29.74;29.94;32,2;BCS1388054;6;7
009739;22.08.2021;11:08:46;Stop          ;04.12.2018;FEY;;LION;49;14500;7200;128;4;53;56;8400;3000;3730;3714;1;12804;29.74;31.14;32,5;BCS1388054;6;7
009739;25.08.2021;08:13:04;Normalcharge  ;04.12.2018;FEY;;LION;49;14500;7200;192;4;50;52;8400;3000;3675;3675;1;13022;30.24;30.94;32,4;BCS1388054;7;18
009739;25.08.2021;08:13:16;Stop          ;04.12.2018;FEY;;LION;49;14500;7200;192;4;50;52;8400;3000;3675;3675;1;13011;30.24;31.24;32,5;BCS1388054;7;18
009739;25.08.2021;08:14:41;Charge to 60% ;04.12.2018;FEY;;LION;49;14500;7200;192;4;50;52;8400;3000;3675;3675;1;13020;30.24;31.14;33,0;BCS1388054;7;18
009739;25.08.2021;08:37:46;Stop          ;04.12.2018;FEY;;LION;49;14500;7200;128;4;55;57;8400;3000;3813;3764;1;12736;31.94;40.24;36,1;BCS1388054;7;18
009739;25.08.2021;08:38:03;Charge to 60% ;04.12.2018;FEY;;LION;49;14500;7200;128;4;55;57;8400;3000;3733;3735;1;13020;31.94;39.24;36,1;BCS1388054;7;18
009739;25.08.2021;13:26:36;Stop          ;04.12.2018;FEY;;LION;49;14500;7200;192;4;57;60;8400;3000;3746;3746;1;13018;32.04;33.44;36,4;BCS1388054;7;18
009739;01.11.2021;09:52:06;Normalcharge  ;04.12.2018;FEY;;LION;49;14500;7200;192;4;48;49;8400;3000;3654;3654;1;13002;24.04;24.94;26,3;BCS1388054;4;15
009739;01.11.2021;09:53:35;Stop          ;04.12.2018;FEY;;LION;49;14500;7200;128;4;48;50;8400;3000;3743;3696;1;12601;24.14;28.54;27,1;BCS1388054;4;15
009739;01.11.2021;10:02:14;Normalcharge  ;04.12.2018;FEY;;LION;49;14500;7200;192;4;48;50;8400;3000;3656;3656;1;12998;24.44;27.34;29,5;BCS1388054;4;15
009739;01.11.2021;10:03:16;Stop          ;04.12.2018;FEY;;LION;49;14500;7200;128;4;48;50;8400;3000;3744;3696;1;12575;24.44;29.74;29,3;BCS1388054;4;15
009739;01.11.2021;10:18:21;Normalcharge  ;04.12.2018;FEY;;LION;49;14500;7200;192;4;48;50;8400;3000;3658;3658;1;12998;24.94;26.54;28,4;BCS1388054;4;15
009739;01.11.2021;10:19:03;Stop          ;04.12.2018;FEY;;LION;49;14500;7200;128;4;48;50;8400;3000;3730;3688;1;12560;24.94;28.24;28,2;BCS1388054;4;15
009739;01.11.2021;10:28:22;Normalcharge  ;04.12.2018;FEY;;LION;49;14500;7200;192;4;48;50;8400;3000;3658;3658;1;12998;25.14;26.74;27,9;BCS1388054;4;15
009739;01.11.2021;10:29:09;Stop          ;04.12.2018;FEY;;LION;49;14500;7200;128;4;48;50;8400;3000;3742;3694;1;12558;25.24;28.84;28,5;BCS1388054;4;15
009739;01.11.2021;10:32:29;Charge to 60% ;04.12.2018;FEY;;LION;49;14500;7200;192;4;48;50;8400;3000;3659;3659;1;12998;25.34;27.34;29,7;BCS1388054;4;15
009739;01.11.2021;15:19:33;Stop          ;04.12.2018;FEY;;LION;49;14500;7200;192;4;57;60;8400;3000;3746;3746;1;12997;28.54;30.04;32,7;BCS1388054;4;15
